96.1896
100.224
100.084
99.6705
99.988
100.088
99.8824
100.237
99.7297
100.293
99.7898
99.8631
100.314
99.6441
100.034
99.9792
100.241
99.7698
100.035
99.6606
100.075
99.9806
100.062
99.954
100.083
99.9665
99.9727
99.8078
100.111
99.9888
99.7944
100.166
100.054
99.8816
100.343
99.5317
100.038
99.9147
99.9978
100.016
99.998
100.189
99.8097
99.8561
100.366
99.5523
100.183
100.27
99.578
99.9755
100.027
100.078
99.7114
100.213
99.9776
100.03
99.7124
100.439
100.041
150.22
99.172
100.758
99.332
100.818
99.1639
100.672
99.3846
99.9328
150.008
99.9389
100.074
99.7791
100.289
99.7325
99.9319
99.9663
100.364
150.548
99.2287
99.7706
100.726
99.3196
100.667
99.3463
100.63
99.3316
150.071
99.9589
100.054
100.134
99.6985
100.099
100.054
99.9201
99.8467
150.654
99.2622
100.744
99.23
100.5
99.4608
100.962
98.9486
100.902
149.711
99.4248
100.092
99.8736
100.15
99.8587
100.124
100.379
99.4722
150.672
99.3201
100.584
99.9043
99.4686
100.641
99.1765
100.9
99.1901
150.412
99.7458
99.9613
100.007
99.8799
99.9328
99.784
100.143
99.9925
150.718
99.1548
100.796
99.1639
100.762
99.2295
100.823
99.1563
100.864
149.234
99.9434
100.062
99.783
100.077
100.018
100.034
100.198
99.8405
150.282
99.758
99.6428
100.841
99.177
100.866
99.122
100.783
99.2006
150.447
99.5034
100.069
99.9578
99.9643
100.411
99.95
99.7445
99.8323
150.693
99.2926
100.715
99.103
100.829
99.3151
100.282
99.6388
100.644
149.396
100.1
100.371
99.8327
100.133
99.37
100.009
100.017
100.165
150.524
99.1383
100.758
99.2471
100.802
99.1968
100.692
99.3073
100.723
149.362
99.9346
100.088
99.9533
100.056
99.9313
100.005
99.9181
100.345
150.252
99.279
100.757
99.0768
100.914
99.1811
99.9343
100.696
99.2153
150.25
99.7947
100.139
99.7634
100.27
99.8795
100.131
99.6242
100.078
150.734
99.6899
99.4346
100.776
99.2933
100.634
99.2933
100.715
99.2285
150.487
99.6087
100.02
99.9973
99.9738
99.9553
99.8143
100.014
100.116
98.84
99.4745
100.569
99.3366
99.986
100.126
99.8923
100.192
100.253
100.031
99.9169
99.4915
99.9593
99.8862
100.3
99.6998
100.07
100.139
99.7952
100.072
100
99.9038
100.016
99.7159
100.571
100.166
99.3662
99.9286
99.943
100.036
100.347
99.7209
100.42
99.4363
100.05
100.502
99.5611
99.6375
100.51
99.6344
100.115
99.923
100.526
99.2096
100.274
99.8379
99.7752
100.093
100.415
103.159
96.3737
100.249
99.4589
100.021
100.351
99.7314
100.6
99.4934
100.619
99.8205
99.148
100.085
100.742
99.6296
100.338
99.5338
100.353
99.6495
99.5253
100.679
99.5047
99.9772
100.003
100.499
99.3322
100.015
100.244
99.6964
100.154
99.6059
100.075
99.9831
100.096
99.8337
100.529
99.7887
100.2
100.055
100.136
99.6262
100.282
99.202
100.414
99.6381
100.739
99.3419
100.237
100.325
99.7394
99.5736
99.6678
100.365
100.086
99.6077
100.202
100.283
100.333
99.3077
99.7339
100.385
99.7222
100.326
99.5288
100.791
99.2918
100.797
99.0884
99.9313
100.336
99.8506
100.156
100.228
99.5912
100.097
99.5446
99.9506
100.805
99.3982
100.549
99.1448
100.419
99.5698
100.451
99.6144
100.367
99.9963
100.299
99.267
100.643
100.009
99.5747
99.8206
100.621
99.2647
100.633
100.05
99.9355
99.1005
100.296
100.66
99.0535
99.9453
100.801
99.5894
100.249
99.231
100.149
99.7457
100.037
100.041
99.746
100.209
100.617
99.2944
99.7758
100.353
99.9441
100.014
99.7827
99.9037
100.056
100.936
99.5905
99.5886
99.8529
100.666
99.368
99.7528
100.886
99.6905
100.22
99.1614
100.202
100.431
99.6518
100.126
100.191
99.293
100.132
100.151
99.6004
100.11
99.9193
100.762
100.055
99.7575
99.3194
100.013
100.562
99.4578
100.071
100.501
99.8793
99.9994
99.2918
100.179
99.8348
100.816
99.348
100.209
99.4406
100.766
99.2456
100.073
99.9953
100.662
99.202
100.797
99.3738
100.593
99.1897
99.9218
100.186
100.414
99.1891
100.619
99.4425
100.025
100.009
100.175
99.8483
100.541
99.3147
100.772
99.8887
100.096
99.2169
100.138
100.055
100.146
99.697
100.141
100.417
99.6092
99.8402
99.9099
100.208
100.037
99.6666
99.6489
100.745
99.5901
100.553
99.1398
99.8852
100.395
99.736
99.9075
100.606
99.3493
99.7784
100.041
100.138
100.408
99.8059
100.008
100.083
100.278
99.3941
99.8735
100.069
99.9336
100.588
100.044
99.0604
100.9
99.568
99.608
100.761
99.7119
99.6303
100.222
100.286
99.9097
99.5226
99.9197
100.467
99.4309
99.6599
100.884
99.2039
99.8108
101.012
99.4254
99.5762
99.9379
100.354
100.273
100.297
99.0948
100.384
99.704
99.9668
100.342
100.36
99.4932
100.561
99.5375
99.6534
99.7851
99.9118
100.011
100.772
100.066
99.978
99.9109
99.4977
99.8855
100.64
99.6985
100.221
99.4805
100.364
99.7992
99.586
99.8591
101.871
98.6849
99.7269
100.343
99.597
100.38
99.1743
100.359
99.7184
99.9271
100.739
103.082
95.8888
100.926
99.345
99.9814
102.068
99.1283
99.1186
100.414
99.9939
99.4658
100.343
99.1784
100.013
100.57
99.6842
104.245
95.5248
104.382
95.552
99.9161
100.331
99.792
100.173
100.408
99.6492
100.211
99.265
99.9862
100.38
99.977
100.07
100.252
99.3331
100.591
99.7856
99.3706
99.8893
100.162
100.399
103.925
96.0987
100.06
99.1957
100.281
100.007
100.397
100.704
98.756
100.614
99.9915
100.421
99.4961
99.0456
99.9949
100.42
99.6503
100.191
99.8947
99.9817
99.9616
100.323
99.7889
100.432
99.3908
100.657
99.3127
100.231
100.247
99.3117
100.162
100.245
99.5858
99.6389
102.861
97.4536
100.88
100.325
98.6686
100.491
100.289
99.7957
100.007
99.9859
99.4481
100.308
99.8055
99.7809
100.451
99.7259
101.275
98.3876
100.802
99.3292
99.5576
100.825
99.7359
100.203
101.084
98.6188
100.536
99.2042
100.344
100.094
99.8784
100.015
99.9924
99.9096
99.5118
100.344
100.311
99.6463
100.272
99.0429
101.818
98.4609
99.9742
99.8618
100.875
99.3985
100.319
99.3577
100.526
99.4163
100.723
99.1968
100.06
100.39
99.8273
100.397
99.9654
100.427
98.817
101.309
99.1336
100.227
103.217
96.7211
101.015
98.253
104.888
95.1341
100.07
100.312
99.67
100.179
99.5394
100.625
99.9509
99.7586
100.976
98.647
99.8077
100.672
100.017
99.9738
99.4038
100.625
99.4342
100.535
99.8721
100.049
100.028
100.99
98.2867
100.014
99.983
100.301
99.7052
100.396
100.072
99.5905
100.357
99.6434
99.5475
100.516
100.148
99.0796
100.889
99.6046
100.529
99.044
100.124
100.326
99.3471
101.685
99.13
99.9484
99.4404
103.814
96.1625
100.364
99.975
100.1
99.3665
100.672
99.3265
102.418
98.2054
99.2346
100.883
99.68
99.4494
100.574
99.5289
101.267
98.671
100.021
100.464
99.9143
99.8006
100.103
99.4509
102.731
97.1159
100.472
99.6596
99.8442
100.064
99.905
99.9094
100.76
99.6053
100.216
99.1044
100.92
99.2509
99.8064
101.017
99.3119
99.7359
100.304
99.6498
100.64
99.9837
99.967
99.5203
99.7838
99.6784
99.9529
101.077
99.3585
100.571
99.2504
100.695
99.4203
99.8257
100.112
99.6514
100.826
99.146
100.7
100.071
99.3689
99.9495
100.139
99.794
99.9363
104.325
95.7779
100.305
99.5
99.8174
100.309
99.6188
100.646
99.355
100.509
100.138
99.3812
99.9531
100.13
100.01
100.519
99.2423
100.743
99.2761
100.667
99.7167
99.7843
100.357
99.6591
100.517
99.1363
99.9388
104.44
99.0393
99.2216
97.1794
100.169
99.8816
100.684
99.8923
99.911
99.5843
100.408
99.2159
100.896
99.0885
100.762
99.9
99.4822
100.118
100.38
99.6025
99.5944
99.8757
100.046
100.045
99.9605
99.8707
99.9904
100.062
99.8832
100.024
99.9331
100.041
99.94
100.133
99.7559
100.058
99.7544
100.227
100.023
99.8958
99.962
99.9587
99.9454
100.004
99.9702
100.036
100.013
99.8795
99.8236
100.132
99.9795
100.011
100.007
99.8838
100.064
99.9913
99.9628
99.9754
100.22
99.778
99.8743
99.9014
100.11
100.203
99.7936
100.006
99.9689
100.245
99.5772
99.9547
100
100.137
100.028
99.7815
100.02
99.943
100.059
100.34
99.4967
99.8715
100.115
99.9085
100.199
99.8518
100.262
99.7386
99.9063
100.08
99.928
100.383
99.555
100.746
99.4975
99.7461
101.686
98.2437
100.733
100.033
99.7703
100.01
99.5282
100.037
99.6472
100.835
100.026
99.079
100.239
100.038
100.444
100.548
99.0547
100.324
99.4126
100.257
99.7057
100.636
99.3972
100.475
99.8786
99.7976
100.206
100.09
99.1727
100.677
99.3939
100.689
99.9183
99.5994
100.246
99.9801
99.4369
100.527
99.3458
100.749
99.141
100.82
99.9228
99.9608
99.9764
99.9723
99.9059
99.8271
99.9326
100.205
100.014
99.9757
99.8593
100.106
100.019
99.4364
100.219
99.386
100.056
100.698
99.8348
100.25
99.2469
100.613
99.3489
99.8125
100.719
99.1783
104.534
96.2292
99.7094
99.8372
99.7198
100.587
100.036
99.9366
99.9301
100.085
100.004
99.9087
99.5706
100.47
99.6907
100.019
100.08
100.036
99.9431
100.011
99.3827
100.637
99.9478
99.9434
99.373
100.626
99.8111
99.9896
100.137
99.8943
100.017
99.8798
99.9925
100.158
99.203
100.62
100.11
99.8039
100.108
99.0597
100.862
100.003
99.3209
100.526
99.4985
100.556
99.5937
100.25
99.2947
100.71
99.9023
99.3197
100.811
99.4845
100.287
99.3485
100.715
99.9144
99.9993
99.3157
100.154
100.614
99.1801
99.8309
100.774
100.088
99.1296
100.81
101.087
97.9978
100.845
99.876
100.024
99.9255
100.064
99.8468
100.107
99.4276
100.558
99.8371
100.018
99.7786
100.091
100.037
100.144
100.011
99.8465
99.1972
100.784
99.5287
99.6893
100.621
99.2378
100.716
99.2699
100.721
99.2974
100.599
99.9264
99.2169
100.899
99.3133
100.165
100.419
99.1741
100.819
99.8707
99.2257
101.119
99.2609
100.08
100.146
100.046
100.002
99.6827
100.224
100.072
99.8459
103.805
95.8713
100.329
103.636
96.1889
100.443
98.9841
100.633
99.1929
100.669
99.6244
100.42
99.3489
100.501
99.3893
100.565
99.9431
100.115
99.9333
100.073
99.9505
99.2305
100.715
99.2451
100.688
99.4019
100.714
99.871
99.868
99.2882
100.737
99.2458
99.9203
100.782
99.8897
103.552
100.192
95.4751
100.672
99.738
100.145
100.15
99.5937
100.244
99.3862
100.894
99.3583
100.469
99.7972
99.9015
100.042
100.066
99.9017
99.923
100.113
99.6827
100.309
99.9097
99.5726
100.395
99.2632
100.685
99.2514
100.219
99.6875
100.762
99.0734
100.899
99.8396
99.2323
100.767
99.8886
99.494
100.656
99.5268
100.349
99.964
99.9649
99.3178
100.866
99.2421
100.519
99.3031
100.64
99.8797
99.4897
100.523
100.033
99.9662
99.9089
99.7093
100.084
99.7549
100.352
99.5165
101.43
99.0251
100.011
99.8844
99.9722
100.012
99.2813
100.658
99.585
100.504
99.6984
100.225
99.9532
99.9202
99.4989
99.8325
100.596
99.9837
99.7084
100.296
99.4308
100.549
99.2994
100.501
99.6272
99.7412
100.054
99.9289
100.053
99.8985
99.8945
100.029
100.691
99.1741
100.713
99.6463
100.493
99.8881
100.068
99.9045
100.145
99.7448
100.019
99.721
103.973
96.0172
103.832
95.6144
100.511
99.5383
100.596
99.6579
100.248
99.9231
99.2653
100.696
99.611
99.6006
100.802
99.8932
100.042
99.3931
100.531
99.3827
100.276
100.279
99.6324
100.286
99.3139
100.664
99.2206
100.757
99.7486
99.8196
100.359
99.9013
100.1
99.5929
99.7636
100.442
100.093
99.9271
99.3959
100.495
99.2929
100.81
99.2152
100.585
99.4509
100.638
99.2926
100.603
100.033
99.8149
99.9395
99.4695
100.619
99.9047
99.2734
100.692
103.328
96.5537
100.136
99.5775
100.34
100.794
99.67
98.6994
100.524
100.224
99.2395
100.76
99.4796
100.442
99.4846
100.402
99.9014
99.8026
100.289
99.8764
100.109
99.0713
100.815
99.5959
100.391
99.905
100.049
99.8067
100.067
99.6903
100.304
99.8647
103.685
96.2395
100.111
99.3613
100.733
99.5097
100.331
99.9728
99.9595
99.6348
99.6516
100.582
99.4343
104.327
95.9127
100.239
100.077
99.6983
99.5409
100.621
99.6622
100.362
99.2464
100.5
99.6817
100.391
99.5427
100.473
99.6112
100.302
99.4807
100.427
99.7255
99.85
100.345
99.8964
100.125
99.6198
100.356
99.8739
100.013
99.606
100.315
99.2527
100.724
99.7304
100.148
99.9602
100.021
99.9885
99.924
99.4727
100.627
99.8731
100.045
99.7405
99.6062
100.033
100.539
99.948
99.7006
99.9112
100.338
99.5924
100.315
99.8326
100.138
99.3377
100.68
99.6748
100.291
99.4779
100.392
99.4353
100.537
99.2794
100.69
99.7495
100.201
99.7519
100.276
99.8021
100.052
99.6035
100.373
99.7046
100.264
99.6122
100.348
99.3581
100.559
99.1755
100.836
100.256
99.5708
99.4214
100.059
100.336
99.3883
100.761
99.7989
101.967
98.2734
99.6081
100.017
99.4993
100.714
99.4067
100.592
100.008
99.1145
100.688
99.4269
100.589
99.6418
100.375
99.1453
102.002
98.6605
100.098
99.6737
100.172
99.6057
99.7134
100.532
100.127
99.8561
100.006
99.6856
99.6111
100.694
99.2247
100.734
99.4962
100.517
99.5711
100.328
99.3267
100.622
99.6413
100.36
99.6058
100.244
99.4011
100.522
99.6996
99.8093
99.9684
100.039
100.562
99.2851
100.38
99.7622
100.326
99.6149
99.6963
100.798
99.3576
100.428
99.4623
99.5931
100.876
99.7295
99.4129
100.753
99.2976
100.247
100.367
99.6708
100.141
99.5526
104.163
95.72
100.7
99.342
100.696
99.7699
100.667
98.7806
100.871
99.0266
100.803
99.8296
99.946
99.9444
99.4664
100.456
99.4618
100.612
99.9434
99.4988
100.378
99.6539
100.346
99.3319
100.658
99.2171
100.811
99.85
100.021
99.9133
99.403
100.614
99.5541
100.371
99.7219
99.6043
100.58
99.3302
100.001
99.9426
99.9888
99.9198
100.007
100.036
99.7814
100.048
100.714
99.2703
100.679
99.7099
99.8022
102.861
98.6321
98.751
99.689
100.215
99.4447
100.76
99.6671
100.237
99.8714
100.052
99.3105
100.743
99.2834
100.756
99.1466
100.808
99.387
100.519
98.9351
99.969
99.9832
100.88
99.2335
103.704
96.892
99.4935
100.553
99.3196
100.673
99.1327
100.841
99.4942
100.114
100.084
99.6746
100.147
99.6903
100.708
99.3652
100.114
100.372
99.8144
99.6049
100.43
99.2318
100.789
99.3031
100.664
99.3559
100.569
99.2117
101.761
98.6021
100.001
100.433
99.5881
100.311
100.405
99.1047
99.7233
100.37
99.5967
100.258
100.225
100.035
99.7332
100.162
99.8139
99.4618
100.704
99.2907
100.451
99.7134
100.452
99.2914
100.752
99.138
100.89
99.2515
100.305
103.925
95.6377
100.625
99.7809
99.7569
99.6432
100.639
99.4766
100.164
99.7988
100.201
99.7859
100.038
99.6741
99.8592
99.9993
100.83
99.1834
100.733
99.3994
100.076
100.085
99.8396
100.244
99.7933
99.7522
99.9453
100.706
99.1288
100.825
99.2709
100.64
99.929
99.2965
100.795
99.1218
100.811
99.3287
100.561
99.4875
100.051
99.8224
99.8085
100.776
99.1835
100.785
99.6069
99.7983
100.635
99.1388
100.76
99.0878
100.779
99.4326
100.401
99.5768
100.101
100.156
99.9437
100.217
99.2786
100.655
99.3191
100.656
99.2733
100.651
99.3588
100.696
99.0999
100.777
99.3861
100.086
99.7534
100.716
99.1134
100.799
99.2872
100.806
99.0464
100.688
99.6426
100.445
99.1003
100.794
99.2634
100.766
99.1958
100.758
99.2441
99.9183
100.601
99.479
100.703
99.931
99.6479
99.7962
99.9776
100.319
99.4494
100.558
99.3334
99.9933
100.661
99.9123
99.866
99.4321
99.9893
100.662
99.575
100.426
99.376
100.359
99.5556
100.57
99.152
100.909
99.2097
100.225
99.63
100.645
100.779
99.0232
100.207
99.3893
100.617
99.4613
100.416
99.5234
100.129
99.923
99.5505
100.921
99.5398
99.7253
99.9817
100.451
99.5729
100.369
99.4565
100.584
99.5809
99.72
100.381
99.8192
99.9159
100.343
99.523
100.529
99.2385
100.665
99.4272
100.426
100.519
99.3636
100.066
99.8912
99.7892
99.7405
100.541
99.3342
100.184
99.8545
100.664
99.4201
100.542
99.2867
100.658
99.4028
99.7799
100.684
99.4376
100.588
99.1939
100.877
99.4598
100.227
99.3806
99.9535
100.747
99.1259
100.415
100.354
99.1518
100.879
99.26
99.721
101.025
99.3017
100.42
99.6867
99.7265
100.538
99.4104
101.173
99.1869
99.2288
100.161
100.775
99.1978
100.087
100.489
99.5561
99.8954
100.438
99.4198
100.704
99.2727
100.628
99.3013
100.678
99.4026
99.8893
100.224
99.6228
100.787
99.5729
99.7563
100.015
100.489
99.3625
100.008
99.9722
99.8656
100.037
99.9899
100.061
99.7455
100.288
100.419
99.398
100.218
99.7724
100.66
99.0321
100.738
99.3698
100.688
99.6204
99.7417
100.103
99.6771
100.897
99.2862
100.064
99.8406
100.625
99.2135
100.627
99.1976
100.917
99.4763
99.7001
99.9484
100.714
99.5671
99.6078
100.668
99.4869
100.502
99.2703
101.042
98.8898
100.739
99.345
100.465
99.5782
100.124
99.5667
100.595
99.2859
100.79
99.1617
100.723
99.4653
104.388
95.5776
100.575
99.4834
100.541
99.1731
100.659
99.7387
99.7216
100.146
99.6976
101.059
98.9206
100.496
99.3244
100.768
99.3731
100.423
99.5003
99.9631
100.586
99.2752
100.703
99.4334
99.8192
100.567
99.3927
100.425
99.6696
99.8078
100.759
99.4092
100.417
99.3381
99.9621
100.636
99.2584
100.668
99.4015
100.035
100.32
99.8231
100.198
99.5735
100.501
99.2525
100.497
99.6337
100.183
100.408
99.2001
100.86
99.1337
100.699
99.1983
100.307
100.083
99.5628
100.38
99.9836
99.7315
99.7572
100.758
99.6162
99.6103
99.9097
100.296
99.6454
100.81
99.333
100.336
100.041
99.7165
99.6621
100.782
99.3401
99.866
100.013
100.101
99.943
99.9805
99.9829
100.307
99.6901
99.7704
100.641
99.2564
100.778
99.2656
100.232
99.6169
100.778
99.2617
100.688
99.3793
99.8791
100.13
100.162
99.4916
100.801
99.3748
100.022
99.7444
100.827
99.1758
100.388
99.5566
100.148
100.045
99.9188
99.794
100.804
99.4473
99.6117
100.656
99.4962
99.8401
100.68
99.9666
99.4903
99.7713
100.718
99.2878
99.9655
100.217
99.6827
100.751
99.4381
99.749
100.709
99.3275
100.229
99.7577
100.031
99.8758
100.688
99.2724
100.525
99.3311
100.709
99.3001
100.691
99.2499
100.798
99.1875
99.9853
99.7991
100.814
99.213
100.748
99.3411
100.341
99.564
100.636
99.3812
99.7935
100.834
99.1423
100.795
99.1879
100.897
99.1135
100.348
99.5905
100.065
99.8262
100.806
99.2284
101.334
98.7575
99.8727
100.058
99.8807
100.104
100.242
99.5885
100.491
99.4341
100.686
99.2862
100.784
99.1996
100.312
99.7912
100.29
99.3898
100.719
99.3305
100.744
99.4018
99.9797
99.8437
100.082
99.9002
100.022
99.9572
99.869
100.598
99.3733
100.672
99.3558
100.648
99.3187
99.8618
100.773
99.0717
100.799
99.2658
100.006
100.378
99.4021
100.304
99.8931
100.07
99.9422
99.8569
99.9918
99.7851
100.813
99.2773
100.672
99.3521
99.9847
100.596
99.504
99.675
100.062
100.643
99.3021
100.284
99.5782
100.651
99.532
101.517
98.107
100.81
99.2239
100.777
99.4324
99.846
100.476
99.3573
100.855
99.1158
100.777
99.1171
100.791
99.3113
100.729
99.2503
99.8828
100.273
99.8431
99.933
100.528
99.2048
100.86
99.0412
100.399
99.7004
100.165
99.8917
99.9402
100.026
99.8469
99.852
100.091
100.019
100.024
100.422
99.2642
100.929
99.3731
100.342
99.4654
100.047
99.8711
100.717
99.4228
100.147
100.452
99.1765
100.793
99.2562
100.302
99.5185
100.754
99.4016
100.636
99.1667
100.717
99.3095
100.688
99.4446
100.057
99.8496
99.8707
99.8407
100.662
99.3345
99.9732
99.9827
100.684
99.3231
100.241
99.5522
100.403
99.6377
100.74
99.2357
100.554
99.3444
100.817
99.6029
99.644
100.206
99.6589
100.676
99.275
100.717
99.0149
100.952
99.1487
100.247
100.385
99.3086
100.616
99.4
100.728
99.378
100.525
99.426
100.127
99.7492
100.179
99.9027
100.449
99.8959
100.106
99.4763
99.8828
99.8244
100.745
99.2423
100.748
99.3796
100.551
99.424
99.9124
100.707
99.1389
100.824
99.114
101.608
98.1393
100.898
99.2504
100.214
100.26
100.163
99.2429
100.816
99.3405
99.856
100.409
99.3833
100.783
100.025
99.2589
100.735
99.1309
100.828
99.2247
100.753
99.5304
99.7668
100.617
99.1857
100.75
99.2426
100.703
99.1966
100.712
99.239
100.673
99.5276
100.924
98.7448
100.686
99.2579
100.771
99.1393
100.923
99.2284
100.336
99.6283
99.7423
100.704
99.4494
100.157
99.8966
100.163
99.5852
100.743
99.0787
100.712
99.3365
100.796
99.381
99.8806
100.771
99.2059
100.095
99.8703
99.8532
100.688
99.3747
100.679
99.1483
100.534
99.4824
100.572
99.3397
100.578
99.3305
100.864
99.1631
100.179
99.743
100.672
99.2322
100.846
99.3158
100.061
99.7064
100.686
99.1343
100.877
99.2374
100.856
99.0835
100.723
99.4044
100.586
99.1532
100.583
99.5094
100.675
99.2793
100.668
99.1683
100.657
99.3
100.791
99.1042
100.749
99.1906
100.823
99.1431
100.606
99.4609
100.078
100.547
99.6033
100.365
99.1789
100.942
99.1468
99.9822
100.379
99.6799
100.643
99.2424
100.302
99.4431
100.859
99.2322
100.255
99.642
100.712
99.19
101.179
99.0175
99.9273
99.9001
99.905
100.156
100.007
99.8423
100.049
99.8009
100.796
99.197
100.711
99.1602
100.884
99.4216
100.362
99.4098
100.711
99.1332
100.896
99.1614
100.537
99.2854
100.669
99.5673
99.6491
100.523
99.461
100.805
99.1606
100.882
99.181
100.024
99.8318
100.102
99.8703
100.139
99.8658
100.501
99.4128
100.45
99.5791
100.085
100.356
99.382
100.76
99.2704
100.687
99.3715
100.699
99.0855
100.859
99.0868
100.525
99.8538
99.517
101.006
99.0508
99.8716
101.121
98.898
101.51
98.3913
100.833
99.2208
100.516
99.4027
100.186
99.8937
99.9452
100.287
99.9112
99.4445
100.887
99.1633
100.861
99.1222
101.506
98.5374
100.725
99.2954
100.654
99.1932
100.65
99.214
100.889
99.1678
100.751
99.2252
102.336
97.596
100.998
99.0008
100.072
99.9091
99.8917
100.07
99.8412
100.128
99.8088
100.044
100.015
100.774
99.088
100.744
99.1699
100.863
99.13
100.828
99.1353
100.825
99.3212
100.529
99.1339
100.16
100.059
99.779
100.845
99.1764
100.778
99.13
100.009
100.342
99.6267
100.466
99.6905
99.7439
100.706
99.2059
102.399
97.5529
100.744
99.2262
100.517
99.4029
100.865
99.0934
100.768
98.9852
101.06
99.1616
100.847
99.0365
100.724
99.2717
99.964
100.023
99.9323
100.799
99.3125
100.066
99.8062
100.594
99.4113
99.8792
101.371
98.7192
100.776
99.0496
100.756
99.2331
100.703
99.1999
100.583
99.309
100.976
99.1998
100.465
99.2715
100.471
99.579
100.663
99.3026
100.17
99.7389
100.678
99.1857
100.976
99.0465
100.72
99.2667
100.821
99.1006
100.711
99.4716
100.246
99.5205
99.9841
100.659
99.3158
100.701
99.3994
100.447
99.4173
99.915
100.205
99.5796
101.35
98.7832
100.561
99.4444
101.007
99.7895
98.9351
100.889
99.491
100.375
99.2982
100.556
99.8272
99.6788
100.701
99.0349
100.798
99.2252
100.051
99.8178
100.586
99.4378
99.9494
100.067
100.62
99.1063
100.818
99.1684
100.877
99.1695
100.079
100.165
99.6369
100.775
99.2052
100.651
99.397
100.714
99.1558
100.691
99.3174
100.018
99.9207
100.732
99.384
100.498
99.1913
100.86
99.1782
100.777
99.3243
100.397
99.8437
99.5869
100.712
99.1273
100.778
99.2402
100.408
99.5785
100.869
99.0214
100.758
99.2064
100.664
99.2965
100.686
99.2638
100.261
99.8401
100.661
99.1338
100.744
99.3128
100.556
99.4462
99.994
100.542
99.1656
100.77
99.2905
100.702
99.5094
100.421
99.1503
100.132
100.186
99.7098
100.744
99.2575
100.679
99.1107
100.931
99.1729
100.048
100.568
99.1876
100.257
99.7415
99.9976
100.81
99.1
100.781
99.2249
100.779
99.3163
99.839
100.113
100.536
99.1894
100.802
99.2088
100.072
100.142
99.673
100.4
99.6138
100.358
99.6122
99.9326
100.298
99.6894
100.727
99.3215
100.616
99.1703
100.73
99.1987
100.841
99.257
100.718
99.2558
100.722
99.1587
100.641
99.2825
100.157
100.555
99.2776
100.657
99.3167
100.802
99.0783
100.811
99.3952
99.8353
100.32
99.664
100.425
99.5172
99.8846
99.9172
100.793
99.2709
100.661
99.0706
100.804
99.4304
99.819
99.9399
100.789
99.1975
100.773
99.2167
100.801
99.1783
99.9502
99.9668
100.6
99.2927
100.249
99.7858
100.693
99.1572
100.059
100.034
100.022
99.8938
100.492
99.4967
99.993
99.8814
100.007
100.766
99.2141
100.744
99.1513
100.744
99.2205
100.019
100.707
99.325
99.8816
100.699
99.2045
100.674
99.2599
100.94
98.9985
100.685
99.2322
100.804
99.2788
100.657
99.2861
101.201
98.6346
100.145
99.9732
100.072
99.8269
100.025
100.037
99.8643
100.052
99.9365
99.9688
100.035
99.9671
99.9039
100.692
100.151
99.0248
100.822
99.2362
100.747
99.1199
100.203
99.8022
100.565
99.3471
100.692
99.2755
100.254
99.7198
100.684
99.3442
99.9918
99.8521
99.9963
100.722
99.2359
100.753
99.1929
100.771
99.2054
100.688
99.1725
100.897
98.9361
100.713
99.4358
100.797
99.1989
100.009
99.8358
100.189
99.8186
100.768
99.2234
100.755
99.1465
99.9778
99.9581
100.147
99.8892
99.9802
99.9362
100.04
99.935
100.248
99.8106
100.044
99.784
99.9865
99.9341
100.679
99.2491
100.007
100.001
100.007
99.8773
101.003
99.0024
100.853
99.148
100.632
99.2404
100.38
99.6267
100.602
99.3609
100.778
99.4025
99.9378
99.6707
100.624
99.3487
99.9559
99.9886
100.853
99.1223
100.862
99.122
100.154
99.8593
100.179
99.7553
100.206
99.7769
99.9545
100.011
100.069
100.036
99.9523
99.9982
100.129
99.7413
100.047
99.9365
100.678
99.8562
99.3863
100.565
99.9527
99.2806
100.884
99.046
100.185
99.7664
100.813
99.2229
100.684
99.2476
100.691
99.1514
100.216
100.551
99.2817
100.694
99.1837
100.816
99.5304
100.485
99.118
100.04
100.017
99.8068
100.814
99.2052
101.619
98.2937
100.759
99.2918
100.685
99.1799
100.51
99.4855
99.9649
100.783
99.1852
100.71
99.2504
100.774
99.3243
100.012
99.8284
99.8267
100.098
100.182
99.9488
99.9104
100.02
100.593
99.3095
100.606
99.1653
100.883
99.1029
100.741
99.243
100.715
99.1736
100.302
99.9818
99.5825
100.068
100.346
99.6507
100.676
99.33
100.678
99.1692
100.337
99.7389
100.45
99.3665
100.765
99.2381
100.789
99.0765
100.11
100.49
99.4269
100.12
99.8988
100.01
100.014
99.8295
100.67
99.2409
100.527
99.5114
100.314
99.6478
100.179
99.6927
100.445
99.5847
99.9343
100.536
99.6186
100.613
99.0941
100.594
99.4027
100.173
100.046
99.7731
100.687
99.2376
99.956
100.175
99.7925
100.159
100.049
99.6083
100.686
99.3374
100.614
99.3647
100.816
99.1415
100.343
99.6302
100.232
99.7297
99.9575
99.9916
100.57
99.2755
100.782
99.1998
100.871
99.1653
100.827
99.0639
99.8875
100.884
99.172
100.694
99.4499
100.236
99.8881
99.6699
100.693
99.1738
100.706
99.3078
100.813
99.0968
100.961
98.9959
100.937
99.0585
100.515
99.4898
100.541
99.2993
100.601
99.4852
99.9347
100.754
99.1367
100.689
99.4032
100.06
99.8254
99.8898
100.014
99.9841
100.242
100.56
99.3408
100.066
99.6472
100.182
99.7752
100.164
99.7936
100.053
100.694
99.2131
100.006
102.325
97.5297
100.767
99.2127
100.851
99.1761
100.695
99.0951
100.31
99.7467
100.768
99.1817
100.78
99.982
99.1575
100.069
100.026
99.9467
100.242
100.05
99.5664
100.413
99.4493
100.525
99.4568
99.9608
100.04
99.9727
100.201
99.7422
100.089
100.44
99.5667
99.8311
99.9088
100.041
100.115
100.36
99.5192
101.612
98.1814
100.61
99.4744
100.759
99.0848
100.477
99.5801
